1 0.425 0.1578125 0.021875 0.021875
1 0.40625 0.465625 0.03125 0.03125
1 0.6703125 0.8078125 0.04375 0.04375
1 0.584375 0.70703125 0.01875 0.0453125
1 0.54296875 0.31015625 0.025 0.025
1 0.55390625 0.23828125 0.0234375 0.0234375
1 0.5015625 0.24375 0.025 0.025
1 0.4875 0.24609375 0.015625 0.0421875
1 0.4703125 0.2078125 0.021875 0.021875
1 0.52421875 0.15078125 0.0203125 0.0203125
1 0.53828125 0.15078125 0.021875 0.021875
1 0.553125 0.1359375 0.01875 0.01875
1 0.453125 0.0296875 0.01875 0.015625
1 0.43828125 0.06640625 0.0140625 0.0140625
1 0.546875 0.05078125 0.00625 0.0296875
1 0.54140625 0.025 0.0171875 0.015625
1 0.53984375 0.021875 0.0140625 0.015625
1 0.53125 0.01796875 0.015625 0.0140625
1 0.521875 0.0078125 0.00625 0.015625