1 0.1171875 0.17734375 0.015625 0.0421875
1 0.12734375 0.175 0.0296875 0.03125
1 0.678125 0.21640625 0.025 0.0265625
1 0.790625 0.334375 0.015625 0.046875
1 0.940625 0.8140625 0.03125 0.078125
1 0.7421875 0.82421875 0.028125 0.0703125
1 0.46875 0.0796875 0.015625 0.015625
1 0.0703125 0.07265625 0.009375 0.0359375
1 0.2265625 0.13828125 0.015625 0.0171875
1 0.86328125 0.24453125 0.0265625 0.0265625
1 0.821875 0.23828125 0.03125 0.0328125
1 0.79921875 0.2578125 0.0234375 0.021875
1 0.74453125 0.22421875 0.0140625 0.0390625
1 0.6328125 0.10625 0.021875 0.021875
1 0.65 0.109375 0.009375 0.034375
1 0.640625 0.1109375 0.01875 0.021875
1 0.54765625 0.05703125 0.009375 0.0296875
1 0.78203125 0.0671875 0.0109375 0.040625