1 0.10078125 0.8421875 0.0109375 0.0625
1 0.06171875 0.85625 0.0078125 0.0375
1 0.046875 0.85703125 0.009375 0.0453125
1 0.03515625 0.85234375 0.0109375 0.0578125
1 0.01015625 0.865625 0.0078125 0.05625
1 0.14921875 0.9671875 0.0203125 0.065625
1 0.1609375 0.96796875 0.009375 0.0640625
1 0.21875 0.878125 0.0125 0.05
1 0.29296875 0.86171875 0.0109375 0.0515625
1 0.721875 0.62890625 0.003125 0.0078125
1 0.82578125 0.646875 0.0015625 0.009375
1 0.8296875 0.6203125 0.003125 0.00625
1 0.85625 0.64609375 0.003125 0.0171875
1 0.83125 0.6484375 0.003125 0.009375
1 0.79921875 0.6859375 0.0046875 0.015625
1 0.51953125 0.6796875 0.0046875 0.021875
1 0.53125 0.65234375 0.003125 0.0171875