1 0.53203125 0.75625 0.0140625 0.05
1 0.51875 0.75078125 0.0375 0.0359375
1 0.65546875 0.37890625 0.0203125 0.0203125
1 0.79765625 0.40078125 0.0203125 0.0203125
1 0.80078125 0.40234375 0.0203125 0.0203125
1 0.8234375 0.41796875 0.00625 0.0359375
1 0.8296875 0.40234375 0.01875 0.0171875
1 0.05703125 0.59453125 0.0296875 0.0296875
1 0.0484375 0.59921875 0.021875 0.0234375
1 0.97265625 0.50859375 0.015625 0.0578125
1 0.96640625 0.50078125 0.03125 0.03125
1 0.15234375 0.45546875 0.0171875 0.0546875
1 0.14140625 0.46796875 0.0234375 0.0234375
1 0.1359375 0.503125 0.034375 0.03125
1 0.1203125 0.46640625 0.03125 0.0328125
1 0.115625 0.35234375 0.025 0.0265625
1 0.17421875 0.3546875 0.0296875 0.028125
1 0.6734375 0.2921875 0.01875 0.01875
1 0.66796875 0.29296875 0.0140625 0.0140625
1 0.68828125 0.31328125 0.0078125 0.0421875
1 0.72578125 0.32734375 0.0140625 0.0390625
1 0.3765625 0.31796875 0.009375 0.0265625
1 0.97265625 0.35 0.0203125 0.01875
1 0.14375 0.19375 0.01875 0.01875