1 0.3203125 0.71328125 0.009375 0.0453125
1 0.3390625 0.69140625 0.00625 0.0390625
1 0.4890625 0.5140625 0.003125 0.009375
1 0.4921875 0.52578125 0.003125 0.0140625
1 0.51796875 0.65859375 0.0078125 0.0203125
1 0.5390625 0.67109375 0.00625 0.0203125
1 0.76875 0.83046875 0.009375 0.0484375
1 0.7609375 0.7890625 0.009375 0.040625
1 0.75 0.78359375 0.00625 0.0359375
1 0.64453125 0.64375 0.0046875 0.028125
1 0.57109375 0.54921875 0.0046875 0.0140625
1 0.5828125 0.5390625 0.003125 0.01875
1 0.63046875 0.5140625 0.0015625 0.0125