1 0.421875 0.465625 0.00625 0.021875
1 0.4375 0.46875 0.003125 0.015625
1 0.43125 0.4953125 0.00625 0.015625
1 0.4296875 0.5140625 0.00625 0.021875
1 0.41875 0.534375 0.009375 0.021875
1 0.41328125 0.56875 0.0078125 0.03125
1 0.45234375 0.62578125 0.0109375 0.0328125
1 0.4890625 0.56171875 0.00625 0.0203125
1 0.490625 0.55859375 0.00625 0.0203125
1 0.5296875 0.56171875 0.009375 0.0296875
1 0.546875 0.5875 0.009375 0.021875
1 0.546875 0.6 0.009375 0.028125
1 0.54453125 0.640625 0.0109375 0.0375
1 0.55078125 0.56875 0.0078125 0.021875
1 0.578125 0.7859375 0.015625 0.053125
1 0.67578125 0.8546875 0.0265625 0.071875
1 0.5640625 0.5421875 0.00625 0.028125
1 0.52578125 0.4890625 0.0046875 0.021875
1 0.53046875 0.48125 0.0078125 0.015625
1 0.5125 0.471875 0.00625 0.015625
1 0.584375 0.55390625 0.009375 0.0265625
1 0.36875 0.6 0.009375 0.040625
1 0.3859375 0.5984375 0.009375 0.04375
1 0.2546875 0.52890625 0.00625 0.0359375
1 0.1515625 0.7046875 0.0125 0.05
1 0.265625 0.66484375 0.009375 0.0359375
1 0.2890625 0.659375 0.009375 0.040625
1 0.1890625 0.9828125 0.025 0.034375
1 0.68984375 0.97578125 0.0234375 0.0484375
1 0.546875 0.5046875 0.003125 0.028125
1 0.49921875 0.453125 0.0046875 0.0125
1 0.3984375 0.48046875 0.003125 0.0203125
1 0.40390625 0.590625 0.0078125 0.021875