1 0.7265625 0.959375 0.025 0.065625
1 0.76875 0.97265625 0.0125 0.0546875
1 0.684375 0.90546875 0.015625 0.0328125
1 0.6890625 0.93046875 0.0125 0.0578125
1 0.69765625 0.9203125 0.0109375 0.05
1 0.54296875 0.86875 0.0140625 0.0375
1 0.48125 0.76796875 0.0125 0.0359375
1 0.48046875 0.6203125 0.0109375 0.034375
1 0.48046875 0.6265625 0.0078125 0.021875
1 0.503125 0.5828125 0.009375 0.03125
1 0.4703125 0.3984375 0.00625 0.021875
1 0.48046875 0.3859375 0.0078125 0.015625
1 0.4203125 0.37890625 0.00625 0.0203125
1 0.40625 0.375 0.00625 0.025
1 0.39140625 0.37890625 0.0078125 0.0234375
1 0.30546875 0.7390625 0.0109375 0.0375
1 0.303125 0.80859375 0.015625 0.0390625
1 0.24609375 0.96953125 0.0203125 0.0453125
1 0.4265625 0.21875 0.003125 0.015625
1 0.434375 0.17109375 0.003125 0.0140625
1 0.440625 0.13984375 0.003125 0.0109375
1 0.4703125 0.4015625 0.00625 0.015625
1 0.8046875 0.68984375 0.0125 0.0484375
1 0.5453125 0.38203125 0.00625 0.0234375