1 0.028125 0.42109375 0.0125 0.0484375
1 0.0546875 0.478125 0.015625 0.046875
1 0.07734375 0.49609375 0.0140625 0.0453125
1 0.3 0.20234375 0.00625 0.0265625
1 0.29375 0.2 0.01875 0.01875
1 0.3265625 0.2203125 0.021875 0.021875
1 0.334375 0.22109375 0.01875 0.0203125
1 0.3421875 0.22265625 0.009375 0.0328125
1 0.3484375 0.22421875 0.00625 0.0296875
1 0.3609375 0.19765625 0.021875 0.0203125
1 0.3546875 0.21484375 0.00625 0.0328125
1 0.4 0.03671875 0.00625 0.0140625
1 0.4203125 0.07578125 0.015625 0.0140625
1 0.425 0.07421875 0.0125 0.0140625
1 0.6328125 0.0734375 0.009375 0.01875
1 0.6390625 0.10859375 0.0125 0.0109375
1 0.6390625 0.103125 0.015625 0.0125
1 0.71328125 0.4859375 0.0203125 0.01875
1 0.71171875 0.478125 0.0140625 0.0375