1 0.596875 0.8890625 0.0125 0.059375
1 0.60625 0.89140625 0.009375 0.0609375
1 0.62109375 0.890625 0.0171875 0.05
1 0.6390625 0.90625 0.015625 0.0375
1 0.6453125 0.57109375 0.00625 0.0359375
1 0.36015625 0.6078125 0.0078125 0.0375
1 0.15546875 0.6140625 0.0078125 0.0375
1 0.140625 0.61796875 0.00625 0.0328125
1 0.14375 0.61015625 0.00625 0.0359375
1 0.4546875 0.46953125 0.00625 0.0171875
1 0.46015625 0.46953125 0.0046875 0.0171875
1 0.48671875 0.60234375 0.0078125 0.0265625
1 0.265625 0.690625 0.009375 0.040625
1 0.275 0.68984375 0.009375 0.0421875
1 0.56484375 0.47421875 0.0046875 0.0234375
1 0.6609375 0.609375 0.00625 0.025
1 0.6578125 0.603125 0.00625 0.028125
1 0.2703125 0.8859375 0.015625 0.053125