1 0.5234375 0.33359375 0.015625 0.0484375
1 0.740625 0.328125 0.0125 0.05625
1 0.74296875 0.32265625 0.0109375 0.0515625
1 0.6125 0.28046875 0.009375 0.0578125
1 0.5703125 0.2828125 0.009375 0.053125
1 0.55859375 0.28359375 0.0078125 0.0484375
1 0.67890625 0.24453125 0.0109375 0.0328125
1 0.66953125 0.24296875 0.0109375 0.0296875
1 0.55390625 0.1640625 0.0078125 0.028125
1 0.21484375 0.378125 0.0140625 0.0625
1 0.20625 0.38359375 0.0125 0.0515625
1 0.4640625 0.1296875 0.00625 0.028125
1 0.13125 0.284375 0.015625 0.046875
1 0.34140625 0.2640625 0.0140625 0.040625
1 0.090625 0.0703125 0.00625 0.021875
1 0.0859375 0.0703125 0.00625 0.021875
1 0.025 0.04921875 0.00625 0.0203125
1 0.01875 0.05 0.00625 0.01875