1 0.5125 0.24453125 0.0125 0.0109375
1 0.49765625 0.19375 0.0046875 0.01875
1 0.45390625 0.36015625 0.0078125 0.0421875
1 0.4640625 0.371875 0.021875 0.01875
1 0.50625 0.31640625 0.0125 0.0265625
1 0.409375 0.2484375 0.00625 0.025
1 0.7515625 0.3796875 0.028125 0.028125
1 0.728125 0.3703125 0.028125 0.028125
1 0.7578125 0.371875 0.021875 0.025
1 0.77421875 0.37109375 0.0078125 0.0234375
1 0.77265625 0.3625 0.0171875 0.01875
1 0.73828125 0.44375 0.0203125 0.01875
1 0.7703125 0.45 0.028125 0.03125
1 0.81796875 0.5671875 0.0203125 0.05
1 0.8421875 0.5671875 0.03125 0.03125
1 0.828125 0.56875 0.028125 0.028125
1 0.903125 0.48828125 0.040625 0.0390625
1 0.90390625 0.7015625 0.0390625 0.040625
1 0.95390625 0.78125 0.0546875 0.053125
1 0.9515625 0.7671875 0.046875 0.046875
1 0.26875 0.66328125 0.025 0.0734375
1 0.28203125 0.5546875 0.0421875 0.040625