1 0.70234375 0.1765625 0.0046875 0.021875
1 0.7328125 0.33671875 0.00625 0.0296875
1 0.73203125 0.315625 0.0078125 0.034375
1 0.690625 0.4859375 0.009375 0.05
1 0.66875 0.39140625 0.009375 0.0390625
1 0.7046875 0.4796875 0.009375 0.053125
1 0.4796875 0.2640625 0.00625 0.028125
1 0.2328125 0.43046875 0.009375 0.0453125
1 0.240625 0.4359375 0.009375 0.05
1 0.18828125 0.4546875 0.0078125 0.053125
1 0.33359375 0.246875 0.0046875 0.028125
1 0.3375 0.24609375 0.00625 0.0296875
1 0.3234375 0.225 0.00625 0.025
1 0.33671875 0.27734375 0.0078125 0.0234375
1 0.45 0.15 0.00625 0.0125
1 0.5171875 0.1109375 0.003125 0.009375
1 0.69921875 0.14765625 0.0046875 0.0171875
1 0.69921875 0.1375 0.0046875 0.015625
1 0.35 0.69375 0.021875 0.0625
1 0.34296875 0.50234375 0.0140625 0.0421875
1 0.38046875 0.37265625 0.0109375 0.0421875
1 0.575 0.1296875 0.003125 0.0125
1 0.6421875 0.2578125 0.00625 0.021875
1 0.85625 0.47109375 0.009375 0.0421875
1 0.84765625 0.4609375 0.0109375 0.05
1 0.86796875 0.46796875 0.0078125 0.0359375
1 0.88359375 0.46484375 0.0109375 0.0359375
1 0.85859375 0.453125 0.0078125 0.034375
1 0.8671875 0.4453125 0.00625 0.034375