1 0.38671875 0.959375 0.0140625 0.08125
1 0.17890625 0.91640625 0.0265625 0.0890625
1 0.8953125 0.71171875 0.025 0.0703125
1 0.89375 0.3671875 0.009375 0.05
1 0.92734375 0.3578125 0.0109375 0.0375
1 0.753125 0.6765625 0.01875 0.065625
1 0.725 0.1609375 0.00625 0.015625
1 0.64140625 0.19765625 0.0046875 0.0234375
1 0.63359375 0.2078125 0.0046875 0.025
1 0.596875 0.15390625 0.00625 0.0109375
1 0.54140625 0.1984375 0.0046875 0.021875
1 0.56015625 0.1296875 0.0046875 0.015625
1 0.55625 0.13046875 0.003125 0.0171875
1 0.5375 0.15 0.003125 0.015625
1 0.54453125 0.1234375 0.0046875 0.0125
1 0.49375 0.13671875 0.003125 0.0203125
1 0.49375 0.13671875 0.003125 0.0171875
1 0.509375 0.11796875 0.003125 0.0140625
1 0.22421875 0.28203125 0.0078125 0.0390625
1 0.221875 0.11328125 0.003125 0.0203125
1 0.25390625 0.20390625 0.0046875 0.0265625
1 0.24765625 0.203125 0.0046875 0.021875
1 0.2109375 0.19375 0.00625 0.028125
1 0.23671875 0.19453125 0.0078125 0.0234375
1 0.271875 0.1984375 0.00625 0.025
1 0.2921875 0.221875 0.00625 0.034375
1 0.3046875 0.184375 0.00625 0.021875
1 0.29296875 0.1875 0.0046875 0.025
1 0.4015625 0.17890625 0.00625 0.0203125
1 0.3125 0.134375 0.003125 0.01875
1 0.3140625 0.13515625 0.003125 0.0171875
1 0.33359375 0.17421875 0.0046875 0.0234375
1 0.33203125 0.17421875 0.0046875 0.0234375
1 0.3234375 0.16796875 0.00625 0.0203125