1 0.209375 0.509375 0.00625 0.021875
1 0.153125 0.4171875 0.00625 0.025
1 0.24609375 0.34296875 0.0046875 0.0171875
1 0.2328125 0.38984375 0.00625 0.0203125
1 0.221875 0.390625 0.00625 0.021875
1 0.178125 0.4140625 0.00625 0.021875
1 0.184375 0.41015625 0.003125 0.0203125
1 0.1953125 0.4296875 0.00625 0.021875
1 0.1203125 0.66640625 0.009375 0.0421875
1 0.53125 0.51796875 0.00625 0.0203125
1 0.50078125 0.38515625 0.0046875 0.0140625
1 0.6703125 0.3828125 0.00625 0.015625
1 0.690625 0.3265625 0.003125 0.0125
1 0.65234375 0.2984375 0.0015625 0.009375