1 0.6859375 0.65 0.009375 0.04375
1 0.5109375 0.5 0.00625 0.021875
1 0.528125 0.49609375 0.00625 0.0203125
1 0.5484375 0.50625 0.00625 0.028125
1 0.51328125 0.43515625 0.0046875 0.0140625
1 0.42109375 0.43046875 0.0046875 0.0171875
1 0.38359375 0.515625 0.0046875 0.028125
1 0.40078125 0.48515625 0.0046875 0.0203125
1 0.378125 0.4890625 0.003125 0.01875
1 0.3953125 0.45859375 0.00625 0.0203125
1 0.44609375 0.41796875 0.0046875 0.0140625
1 0.4375 0.41328125 0.003125 0.0109375
1 0.4359375 0.41171875 0.003125 0.0109375
1 0.278125 0.88515625 0.028125 0.0734375