1 0.08671875 0.68984375 0.0203125 0.0671875
1 0.06875 0.69375 0.021875 0.0625
1 0.05546875 0.675 0.0234375 0.075
1 0.1875 0.62578125 0.01875 0.0515625
1 0.27890625 0.59140625 0.0140625 0.0609375
1 0.24375 0.621875 0.01875 0.0625
1 0.21875 0.5984375 0.01875 0.059375
1 0.25625 0.5890625 0.015625 0.059375
1 0.30703125 0.41875 0.0109375 0.05
1 0.4625 0.2703125 0.009375 0.04375
1 0.453125 0.27265625 0.009375 0.0546875
1 0.43984375 0.2703125 0.0078125 0.05625
1 0.45703125 0.2625 0.0078125 0.053125
1 0.4328125 0.44921875 0.0125 0.0578125
1 0.33125 0.52109375 0.01875 0.0421875
1 0.31171875 0.49765625 0.0109375 0.0296875
1 0.30390625 0.52265625 0.0171875 0.0390625
1 0.2875 0.52734375 0.015625 0.0296875
1 0.27265625 0.528125 0.0140625 0.0375
1 0.2484375 0.525 0.0125 0.0375
1 0.2328125 0.51953125 0.015625 0.0390625
1 0.1703125 0.46640625 0.0125 0.0359375
1 0.20625 0.4265625 0.015625 0.034375
1 0.20546875 0.4609375 0.0140625 0.034375
1 0.18984375 0.478125 0.0109375 0.03125
1 0.5828125 0.1078125 0.009375 0.03125
1 0.54375 0.17421875 0.00625 0.0328125
1 0.93515625 0.52109375 0.0140625 0.0578125
1 0.97265625 0.55625 0.0140625 0.065625
1 0.9609375 0.55 0.015625 0.0625
1 0.96171875 0.53125 0.0234375 0.046875
1 0.971875 0.52578125 0.0125 0.0578125
1 0.9875 0.490625 0.0125 0.05625
1 0.94921875 0.46640625 0.0140625 0.0578125
1 0.8359375 0.165625 0.009375 0.034375
1 0.63515625 0.3890625 0.0109375 0.046875
1 0.98359375 0.134375 0.0109375 0.040625