1 0.73125 0.9140625 0.015625 0.053125
1 0.4046875 0.771875 0.015625 0.05625
1 0.5953125 0.7796875 0.0125 0.078125
1 0.62890625 0.8015625 0.0109375 0.05625
1 0.6171875 0.79140625 0.009375 0.0453125
1 0.60703125 0.76875 0.0109375 0.06875
1 0.6328125 0.77578125 0.009375 0.0484375
1 0.621875 0.7578125 0.0125 0.059375
1 0.53359375 0.68203125 0.0109375 0.0453125
1 0.403125 0.703125 0.015625 0.046875
1 0.4015625 0.6234375 0.00625 0.034375
1 0.40078125 0.61640625 0.0078125 0.0359375
1 0.428125 0.61796875 0.0125 0.0421875
1 0.44296875 0.63984375 0.0140625 0.0421875
1 0.53671875 0.59609375 0.0078125 0.0390625
1 0.5359375 0.51640625 0.009375 0.0328125
1 0.51875 0.51484375 0.009375 0.0359375
1 0.4421875 0.53203125 0.0125 0.0296875
1 0.5015625 0.509375 0.009375 0.0375
1 0.425 0.51171875 0.009375 0.0390625
1 0.49921875 0.46015625 0.0109375 0.0390625
1 0.4203125 0.49453125 0.00625 0.0359375
1 0.45078125 0.43828125 0.0078125 0.0359375
1 0.4640625 0.44609375 0.00625 0.0296875
1 0.46171875 0.36875 0.0046875 0.025
1 0.45703125 0.36875 0.0046875 0.021875
1 0.50546875 0.3859375 0.0046875 0.015625
1 0.50546875 0.384375 0.0046875 0.01875
1 0.5140625 0.38984375 0.003125 0.0203125
1 0.5203125 0.38515625 0.003125 0.0203125
1 0.471875 0.3609375 0.003125 0.01875
1 0.51640625 0.36796875 0.0046875 0.0203125
1 0.453125 0.35859375 0.003125 0.0203125
1 0.49453125 0.38046875 0.0046875 0.0203125