1 0.8890625 0.55546875 0.05 0.0515625
1 0.76171875 0.46171875 0.0140625 0.0578125
1 0.0578125 0.63046875 0.01875 0.0671875
1 0.37734375 0.32578125 0.0140625 0.0515625
1 0.16875 0.14609375 0.025 0.0234375
1 0.16015625 0.15390625 0.025 0.025
1 0.0484375 0.1078125 0.015625 0.015625
1 0.57890625 0.3703125 0.0328125 0.03125
1 0.5765625 0.36171875 0.0125 0.0140625
1 0.50625 0.171875 0.01875 0.01875
1 0.6640625 0.2390625 0.021875 0.021875
1 0.8390625 0.42421875 0.028125 0.0265625
1 0.83359375 0.40234375 0.0265625 0.0265625
1 0.83125 0.36015625 0.040625 0.0390625
1 0.85078125 0.378125 0.0171875 0.053125
1 0.796875 0.26640625 0.028125 0.0296875
1 0.8234375 0.303125 0.028125 0.03125
1 0.83515625 0.29453125 0.0203125 0.0203125
1 0.03125 0.92421875 0.040625 0.115625