1 0.2328125 0.59609375 0.015625 0.0546875
1 0.21640625 0.5703125 0.0140625 0.05
1 0.0890625 0.75390625 0.0125 0.0546875
1 0.653125 0.9453125 0.0125 0.065625
1 0.23671875 0.4734375 0.0109375 0.04375
1 0.18515625 0.434375 0.0078125 0.046875
1 0.15859375 0.4078125 0.0140625 0.040625
1 0.16171875 0.40546875 0.0140625 0.0421875
1 0.1703125 0.38359375 0.009375 0.0296875
1 0.16015625 0.3875 0.0109375 0.040625
1 0.24453125 0.57265625 0.0109375 0.0546875
1 0.634375 0.33203125 0.009375 0.0296875
1 0.6421875 0.33515625 0.00625 0.0296875
1 0.4453125 0.16328125 0.00625 0.0203125
1 0.45 0.1140625 0.00625 0.021875
1 0.4578125 0.1171875 0.00625 0.028125
1 0.58125 0.390625 0.009375 0.025
1 0.58046875 0.33828125 0.0109375 0.0296875
1 0.51875 0.3234375 0.009375 0.028125
1 0.48359375 0.16484375 0.0046875 0.0171875
1 0.578125 0.03515625 0.003125 0.0140625
1 0.503125 0.025 0.003125 0.015625
1 0.50546875 0.025 0.0046875 0.01875
1 0.9921875 0.2109375 0.009375 0.025