1 0.1421875 0.09609375 0.009375 0.0390625
1 0.128125 0.08671875 0.009375 0.0359375
1 0.12578125 0.09765625 0.0078125 0.0171875
1 0.01015625 0.84609375 0.0203125 0.1234375
1 0.021875 0.6015625 0.040625 0.1
1 0.040625 0.59453125 0.01875 0.0734375
1 0.2859375 0.64453125 0.04375 0.1078125
1 0.87265625 0.8640625 0.0421875 0.10625
1 0.6625 0.62265625 0.028125 0.0953125
1 0.78125 0.09296875 0.00625 0.0265625
1 0.78984375 0.090625 0.0078125 0.034375
1 0.81171875 0.090625 0.0078125 0.034375
1 0.67265625 0.09921875 0.0078125 0.0359375
1 0.6671875 0.08203125 0.00625 0.0296875
1 0.54921875 0.0296875 0.0078125 0.025
1 0.54765625 0.028125 0.0078125 0.025
1 0.6265625 0.15390625 0.0125 0.0265625