1 0.28515625 0.1515625 0.0046875 0.025
1 0.30859375 0.19609375 0.0078125 0.0296875
1 0.415625 0.0921875 0.003125 0.015625
1 0.60234375 0.18515625 0.0046875 0.0328125
1 0.61796875 0.18515625 0.0046875 0.0296875
1 0.553125 0.42890625 0.0125 0.0640625
1 0.59921875 0.43046875 0.0140625 0.0671875
1 0.76796875 0.43515625 0.0109375 0.0734375
1 0.79375 0.425 0.01875 0.071875
1 0.79765625 0.4375 0.0203125 0.065625
1 0.67421875 0.88515625 0.0421875 0.1234375
1 0.75546875 0.16796875 0.0078125 0.0265625
1 0.84765625 0.2265625 0.0078125 0.046875
1 0.9828125 0.2953125 0.009375 0.053125