1 0.25703125 0.5546875 0.0140625 0.05
1 0.09453125 0.65 0.0109375 0.040625
1 0.09765625 0.67890625 0.0203125 0.0484375
1 0.390625 0.53515625 0.0125 0.0296875
1 0.35625 0.49375 0.009375 0.034375
1 0.3765625 0.4953125 0.009375 0.03125
1 0.359375 0.471875 0.009375 0.03125
1 0.3828125 0.47578125 0.0125 0.0328125
1 0.3734375 0.4109375 0.0125 0.03125
1 0.43046875 0.4109375 0.0078125 0.03125
1 0.440625 0.4015625 0.009375 0.025
1 0.49140625 0.49921875 0.0109375 0.0296875
1 0.4859375 0.53125 0.009375 0.034375
1 0.5171875 0.55234375 0.0125 0.0296875
1 0.53125 0.48359375 0.0125 0.0359375
1 0.58046875 0.46640625 0.0078125 0.0359375
1 0.65234375 0.590625 0.0109375 0.059375
1 0.59609375 0.5859375 0.0078125 0.04375
1 0.6 0.5875 0.0125 0.040625
1 0.56796875 0.64609375 0.0109375 0.0453125
1 0.55 0.6703125 0.0125 0.034375
1 0.7203125 0.94453125 0.025 0.0546875
1 0.6484375 0.75625 0.021875 0.05625
1 0.82265625 0.82578125 0.0265625 0.0515625
1 0.8375 0.8703125 0.025 0.078125
1 0.8203125 0.825 0.0125 0.053125
1 0.94921875 0.80390625 0.0203125 0.0703125
1 0.2828125 0.5 0.009375 0.0375
1 0.33984375 0.44609375 0.0109375 0.0328125
1 0.478125 0.425 0.009375 0.03125
1 0.49453125 0.42890625 0.0078125 0.0421875
1 0.48359375 0.4484375 0.0078125 0.0375
1 0.78046875 0.4640625 0.0109375 0.028125
1 0.403125 0.340625 0.00625 0.01875
1 0.4078125 0.3609375 0.00625 0.021875
1 0.41875 0.3546875 0.00625 0.025
1 0.440625 0.36171875 0.009375 0.0359375
1 0.47421875 0.371875 0.0078125 0.03125
1 0.4609375 0.35625 0.00625 0.03125
1 0.45234375 0.36953125 0.0078125 0.0171875
1 0.453125 0.35546875 0.00625 0.0203125