1 0.47734375 0.09453125 0.0046875 0.0171875
1 0.48125 0.11953125 0.003125 0.0171875
1 0.4734375 0.1265625 0.003125 0.01875
1 0.4890625 0.15625 0.003125 0.01875
1 0.4828125 0.15625 0.00625 0.021875
1 0.4953125 0.1578125 0.00625 0.01875
1 0.509375 0.2390625 0.00625 0.021875
1 0.49453125 0.21484375 0.0046875 0.0203125
1 0.6296875 0.34609375 0.00625 0.0265625
1 0.63671875 0.3375 0.0078125 0.025
1 0.56015625 0.72265625 0.0078125 0.0421875
1 0.53203125 0.56640625 0.0078125 0.0390625
1 0.54375 0.62734375 0.00625 0.0296875
1 0.5390625 0.61875 0.00625 0.021875
1 0.5203125 0.8828125 0.015625 0.034375
1 0.5203125 0.87265625 0.0125 0.0234375
1 0.42578125 0.74140625 0.0109375 0.0421875
1 0.42734375 0.728125 0.0109375 0.028125
1 0.4328125 0.578125 0.009375 0.03125
1 0.30625 0.55234375 0.009375 0.0390625
1 0.20625 0.90625 0.0125 0.04375
1 0.5015625 0.49375 0.009375 0.025
1 0.5109375 0.415625 0.00625 0.01875
1 0.5109375 0.4109375 0.00625 0.021875
1 0.4984375 0.3484375 0.00625 0.015625
1 0.5015625 0.35 0.00625 0.0125
1 0.68046875 0.8453125 0.0078125 0.034375
1 0.6875 0.86328125 0.009375 0.0265625
1 0.57890625 0.20625 0.0046875 0.021875
1 0.57421875 0.2015625 0.0046875 0.021875
1 0.5890625 0.140625 0.00625 0.015625