1 0.03515625 0.21171875 0.0078125 0.0328125
1 0.04453125 0.19921875 0.0046875 0.0203125
1 0.0734375 0.14765625 0.00625 0.0328125
1 0.078125 0.15 0.009375 0.034375
1 0.15078125 0.13203125 0.0078125 0.0265625
1 0.153125 0.12578125 0.00625 0.0265625
1 0.32890625 0.059375 0.0046875 0.025
1 0.33125 0.05390625 0.00625 0.0265625
1 0.37890625 0.075 0.0046875 0.025
1 0.4078125 0.1125 0.003125 0.028125
1 0.41171875 0.1125 0.0046875 0.025
1 0.07421875 0.434375 0.0109375 0.05
1 0.08203125 0.4296875 0.0109375 0.05
1 0.09765625 0.4359375 0.0140625 0.040625
1 0.08984375 0.41953125 0.0078125 0.0421875
1 0.459375 0.79765625 0.009375 0.0609375
1 0.446875 0.80546875 0.0125 0.0609375
1 0.44609375 0.78984375 0.0140625 0.0578125
1 0.45390625 0.51484375 0.0078125 0.0421875
1 0.8046875 0.51640625 0.009375 0.0421875
1 0.75 0.43828125 0.009375 0.0359375
1 0.9640625 0.55234375 0.0125 0.0421875
1 0.68828125 0.30859375 0.0078125 0.0265625
1 0.690625 0.31796875 0.00625 0.0203125
1 0.7859375 0.28671875 0.00625 0.0359375
1 0.828125 0.2859375 0.00625 0.025
1 0.465625 0.24453125 0.00625 0.0234375