1 0.66328125 0.965625 0.0453125 0.04375
1 0.66171875 0.89453125 0.04375 0.04375
1 0.7078125 0.93046875 0.034375 0.0328125
1 0.70078125 0.84375 0.0265625 0.028125
1 0.7125 0.80625 0.034375 0.034375
1 0.5234375 0.77890625 0.021875 0.0546875
1 0.52265625 0.76953125 0.0359375 0.0359375
1 0.51640625 0.55 0.0234375 0.021875
1 0.4796875 0.45625 0.009375 0.028125
1 0.5609375 0.409375 0.015625 0.028125
1 0.378125 0.2609375 0.009375 0.021875
1 0.48984375 0.284375 0.0140625 0.0125
1 0.50859375 0.2953125 0.0109375 0.028125
1 0.540625 0.28515625 0.00625 0.0140625
1 0.55234375 0.2875 0.0140625 0.0125
1 0.525 0.27578125 0.00625 0.0265625
1 0.534375 0.26015625 0.0125 0.0109375
1 0.6375 0.2640625 0.01875 0.01875