1 0.23515625 0.04609375 0.0078125 0.0203125
1 0.24609375 0.0453125 0.0078125 0.01875
1 0.2515625 0.04609375 0.009375 0.0171875
1 0.26328125 0.1546875 0.0078125 0.034375
1 0.31953125 0.14765625 0.0078125 0.0328125
1 0.23828125 0.1453125 0.0078125 0.034375
1 0.25078125 0.2046875 0.0078125 0.03125
1 0.253125 0.19765625 0.00625 0.0328125
1 0.27265625 0.2015625 0.0078125 0.0375
1 0.37265625 0.28515625 0.0078125 0.0390625
1 0.36171875 0.284375 0.0078125 0.0375
1 0.36484375 0.278125 0.0078125 0.034375
1 0.3859375 0.2578125 0.009375 0.0375
1 0.3890625 0.25546875 0.00625 0.0328125
1 0.1796875 0.103125 0.00625 0.01875
1 0.1765625 0.11875 0.00625 0.025
1 0.171875 0.11875 0.00625 0.025
1 0.15703125 0.22265625 0.0078125 0.0328125
1 0.13671875 0.2921875 0.0078125 0.034375
1 0.1375 0.28359375 0.009375 0.0328125
1 0.2625 0.3953125 0.009375 0.040625
1 0.2671875 0.38125 0.009375 0.034375
1 0.25703125 0.38984375 0.0078125 0.0328125
1 0.3890625 0.3828125 0.009375 0.040625
1 0.46875 0.4109375 0.009375 0.040625
1 0.46015625 0.38671875 0.0109375 0.0453125
1 0.378125 0.503125 0.00625 0.04375
1 0.49140625 0.41875 0.0109375 0.0375
1 0.56328125 0.53125 0.0078125 0.040625
1 0.57578125 0.4453125 0.0109375 0.04375
1 0.61640625 0.459375 0.0078125 0.040625
1 0.62734375 0.55546875 0.0140625 0.0390625
1 0.53203125 0.275 0.0078125 0.040625
1 0.525 0.26484375 0.00625 0.0390625
1 0.53046875 0.30234375 0.0078125 0.0421875
1 0.50859375 0.46796875 0.0109375 0.0359375
1 0.503125 0.46796875 0.00625 0.0390625
1 0.48125 0.49453125 0.009375 0.0296875
1 0.484375 0.4875 0.009375 0.028125
1 0.37421875 0.4890625 0.0078125 0.04375
1 0.69375 0.521875 0.015625 0.040625
1 0.75234375 0.55390625 0.0109375 0.0234375
1 0.734375 0.56015625 0.015625 0.0328125
1 0.73515625 0.5421875 0.0234375 0.025
1 0.72109375 0.54296875 0.0109375 0.0296875
1 0.7421875 0.59921875 0.0125 0.0265625
1 0.74375 0.60859375 0.0125 0.0265625
1 0.74375 0.621875 0.009375 0.028125
1 0.7453125 0.64921875 0.009375 0.0546875
1 0.78125 0.62578125 0.0125 0.0515625
1 0.84296875 0.578125 0.0109375 0.04375
1 0.81484375 0.5609375 0.0109375 0.046875
1 0.80859375 0.54609375 0.0171875 0.0421875
1 0.8203125 0.55703125 0.00625 0.0296875
1 0.9015625 0.56015625 0.0125 0.0421875
1 0.95078125 0.453125 0.0140625 0.034375
1 0.98671875 0.4640625 0.0171875 0.028125
1 0.9640625 0.46171875 0.0125 0.0328125
1 0.99453125 0.4453125 0.0109375 0.025
1 0.90078125 0.30546875 0.0140625 0.0484375
1 0.88828125 0.1359375 0.0078125 0.034375
1 0.81328125 0.11875 0.0078125 0.034375
1 0.825 0.109375 0.009375 0.0375
1 0.878125 0.08125 0.009375 0.034375
1 0.8234375 0.03046875 0.009375 0.0296875
1 0.76875 0.04765625 0.00625 0.0296875
1 0.8875 0.053125 0.00625 0.03125
1 0.86640625 0.03828125 0.0078125 0.0296875
1 0.88203125 0.046875 0.0078125 0.03125
1 0.871875 0.0328125 0.00625 0.034375
1 0.88984375 0.97421875 0.0203125 0.0421875
1 0.8828125 0.93828125 0.01875 0.0359375
1 0.7546875 0.76875 0.0125 0.03125
1 0.7296875 0.7640625 0.0125 0.046875
1 0.68515625 0.709375 0.0140625 0.053125
1 0.709375 0.6515625 0.0125 0.046875
1 0.725 0.62421875 0.0125 0.0265625
1 0.55 0.15 0.00625 0.0375
1 0.53984375 0.14453125 0.0046875 0.0390625
1 0.559375 0.09453125 0.009375 0.0390625