1 0.23203125 0.76875 0.03125 0.090625
1 0.26875 0.72421875 0.05 0.0484375
1 0.278125 0.71953125 0.03125 0.0296875
1 0.27265625 0.71015625 0.0140625 0.0609375
1 0.653125 0.56640625 0.03125 0.0328125
1 0.6390625 0.58984375 0.0125 0.0484375
1 0.7109375 0.65 0.028125 0.028125
1 0.70234375 0.646875 0.0234375 0.05625
1 0.39609375 0.45078125 0.015625 0.015625
1 0.40703125 0.45 0.0078125 0.025
1 0.4015625 0.47421875 0.0125 0.0296875
1 0.36796875 0.47578125 0.01875 0.01875
1 0.55 0.4265625 0.015625 0.015625
1 0.525 0.39375 0.00625 0.015625
1 0.534375 0.39375 0.0125 0.0125
1 0.53828125 0.390625 0.0046875 0.01875
1 0.20859375 0.55859375 0.0359375 0.0359375
1 0.2015625 0.56796875 0.015625 0.0578125