1 0.33671875 0.653125 0.0390625 0.0375
1 0.31328125 0.65234375 0.0171875 0.0609375
1 0.30390625 0.65703125 0.0296875 0.0296875
1 0.35859375 0.9453125 0.0453125 0.046875
1 0.38515625 0.36875 0.0140625 0.040625
1 0.4125 0.21875 0.009375 0.028125
1 0.4078125 0.14140625 0.0125 0.0140625
1 0.4125 0.1359375 0.00625 0.025
1 0.4140625 0.1359375 0.015625 0.015625
1 0.4109375 0.096875 0.00625 0.021875
1 0.40546875 0.10078125 0.015625 0.015625
1 0.47421875 0.00703125 0.009375 0.009375
1 0.49375 0.13046875 0.0125 0.0140625
1 0.5046875 0.10703125 0.015625 0.0140625
1 0.50703125 0.10859375 0.0140625 0.0140625
1 0.5125 0.115625 0.00625 0.028125
1 0.509375 0.14140625 0.00625 0.0265625
1 0.51875 0.14375 0.015625 0.015625
1 0.525 0.40234375 0.025 0.0265625
1 0.55625 0.43828125 0.028125 0.0265625
1 0.55 0.57109375 0.034375 0.0328125
1 0.58125 0.521875 0.025 0.025
1 0.60625 0.54375 0.03125 0.03125
1 0.684375 0.66953125 0.040625 0.0390625
1 0.68984375 0.66796875 0.040625 0.040625
1 0.6625 0.92890625 0.01875 0.0546875