1 0.728125 0.76875 0.01875 0.075
1 0.54765625 0.40625 0.0078125 0.046875
1 0.5203125 0.434375 0.009375 0.04375
1 0.40078125 0.39375 0.0078125 0.05625
1 0.3921875 0.38984375 0.009375 0.0546875
1 0.38203125 0.390625 0.0078125 0.05625
1 0.278125 0.28671875 0.009375 0.0421875
1 0.3 0.11015625 0.00625 0.0265625
1 0.6703125 0.3234375 0.00625 0.046875
1 0.6765625 0.3234375 0.00625 0.046875
1 0.553125 0.225 0.003125 0.021875
1 0.56015625 0.2171875 0.0078125 0.034375
1 0.496875 0.13203125 0.00625 0.0296875
1 0.50546875 0.1984375 0.0046875 0.03125
1 0.50078125 0.18828125 0.0046875 0.0140625
1 0.5140625 0.1953125 0.00625 0.03125
1 0.53125 0.17421875 0.00625 0.0265625
1 0.4765625 0.125 0.00625 0.021875
1 0.49140625 0.140625 0.0046875 0.025
1 0.63125 0.87890625 0.025 0.0515625
1 0.64296875 0.88671875 0.0140625 0.0484375