1 0.31875 0.95234375 0.0125 0.0671875
1 0.278125 0.96640625 0.01875 0.0359375
1 0.5859375 0.69375 0.0125 0.05625
1 0.57578125 0.61796875 0.0109375 0.0609375
1 0.35703125 0.58125 0.0078125 0.05
1 0.19140625 0.64765625 0.0109375 0.0546875
1 0.384375 0.36171875 0.00625 0.0390625
1 0.378125 0.35625 0.00625 0.034375
1 0.38125 0.35390625 0.00625 0.0390625
1 0.4515625 0.4140625 0.009375 0.034375
1 0.3859375 0.86953125 0.015625 0.0546875
1 0.29140625 0.62265625 0.0140625 0.0328125
1 0.57578125 0.55625 0.0109375 0.046875
1 0.40625 0.29609375 0.00625 0.0359375
1 0.409375 0.2359375 0.00625 0.028125
1 0.3859375 0.30703125 0.009375 0.0359375
1 0.3609375 0.21640625 0.00625 0.0328125
1 0.50546875 0.04453125 0.0046875 0.0171875
1 0.50078125 0.0421875 0.0046875 0.01875
1 0.40390625 0.0703125 0.0046875 0.021875
1 0.48359375 0.0296875 0.0046875 0.015625
1 0.8859375 0.5875 0.0125 0.034375
1 0.5828125 0.07734375 0.003125 0.0203125
1 0.57890625 0.07734375 0.0046875 0.0203125