1 0.41171875 0.290625 0.0078125 0.046875
1 0.528125 0.73203125 0.009375 0.0546875
1 0.5265625 0.1796875 0.0125 0.046875
1 0.2984375 0.15234375 0.009375 0.0359375
1 0.5890625 0.3140625 0.0125 0.046875
1 0.5609375 0.7796875 0.0125 0.0625
1 0.5671875 0.7421875 0.015625 0.065625
1 0.00703125 0.5 0.0140625 0.059375
1 0.0953125 0.32109375 0.015625 0.0453125
1 0.084375 0.30625 0.0125 0.053125
1 0.08203125 0.31015625 0.0140625 0.0484375
1 0.0203125 0.496875 0.015625 0.04375
1 0.103125 0.3265625 0.009375 0.028125
1 0.08203125 0.30234375 0.0078125 0.0359375
1 0.01171875 0.284375 0.0140625 0.05
1 0.025 0.27109375 0.0125 0.0453125
1 0.02421875 0.25625 0.0140625 0.028125
1 0.2921875 0.1859375 0.009375 0.028125
1 0.47109375 0.18515625 0.0109375 0.0265625
1 0.5046875 0.2140625 0.00625 0.04375
1 0.79296875 0.01640625 0.0078125 0.0328125
1 0.28984375 0.8703125 0.0140625 0.059375
1 0.034375 0.78671875 0.01875 0.0515625
1 0.0109375 0.81640625 0.01875 0.0609375
1 0.28046875 0.53359375 0.0140625 0.0515625
1 0.27265625 0.55078125 0.0109375 0.0328125