1 0.2828125 0.9484375 0.025 0.0875
1 0.7015625 0.4859375 0.040625 0.040625
1 0.88828125 0.5078125 0.0328125 0.034375
1 0.70078125 0.2890625 0.0328125 0.03125
1 0.6984375 0.125 0.021875 0.01875
1 0.6546875 0.06328125 0.01875 0.0171875
1 0.6515625 0.065625 0.00625 0.028125
1 0.515625 0.17734375 0.0125 0.0421875
1 0.5796875 0.2046875 0.03125 0.03125
1 0.5546875 0.21875 0.028125 0.03125
1 0.54296875 0.2203125 0.0296875 0.028125
1 0.53125 0.21796875 0.0125 0.0421875
1 0.5375 0.2046875 0.025 0.025
1 0.54765625 0.20625 0.009375 0.0375