1 0.5203125 0.2546875 0.00625 0.015625
1 0.509375 0.2765625 0.0125 0.0125
1 0.52890625 0.34296875 0.0046875 0.0140625
1 0.54375 0.3453125 0.009375 0.009375
1 0.5484375 0.365625 0.0125 0.0125
1 0.53828125 0.375 0.0140625 0.015625
1 0.53203125 0.3015625 0.0140625 0.0125
1 0.47578125 0.58125 0.0203125 0.01875
1 0.5515625 0.5203125 0.01875 0.01875
1 0.54296875 0.55 0.0234375 0.025
1 0.528125 0.615625 0.025 0.025
1 0.5484375 0.65859375 0.025 0.0234375
1 0.553125 0.73359375 0.03125 0.0296875
1 0.521875 0.74140625 0.015625 0.0453125
1 0.4640625 0.6984375 0.025 0.025
1 0.60234375 0.7734375 0.0328125 0.03125
1 0.57265625 0.83046875 0.0203125 0.0546875
1 0.53984375 0.83671875 0.0140625 0.0484375
1 0.515625 0.9046875 0.0375 0.0375
1 0.55703125 0.91328125 0.01875 0.0546875
1 0.4234375 0.88203125 0.0375 0.0359375