1 0.50546875 0.94375 0.0171875 0.059375
1 0.384375 0.91484375 0.015625 0.0546875
1 0.3015625 0.940625 0.0125 0.05625
1 0.23984375 0.91484375 0.0171875 0.0609375
1 0.44140625 0.703125 0.0109375 0.03125
1 0.44296875 0.6984375 0.0140625 0.0375
1 0.14296875 0.82890625 0.0140625 0.0546875
1 0.1625 0.80625 0.0125 0.04375
1 0.18125 0.81875 0.009375 0.04375
1 0.1765625 0.80859375 0.0125 0.0421875
1 0.59375 0.68828125 0.009375 0.0359375
1 0.6 0.58203125 0.009375 0.0203125
1 0.796875 0.78828125 0.009375 0.0453125
1 0.7796875 0.74375 0.0125 0.034375
1 0.75390625 0.65390625 0.0109375 0.0390625
1 0.3828125 0.52890625 0.009375 0.0234375
1 0.5203125 0.5015625 0.00625 0.025
1 0.5546875 0.49453125 0.00625 0.0203125
1 0.5765625 0.49375 0.00625 0.021875
1 0.584375 0.49375 0.009375 0.028125