1 0.6984375 0.53515625 0.046875 0.0484375
1 0.66328125 0.48046875 0.040625 0.040625
1 0.79609375 0.58046875 0.040625 0.08125
1 0.83515625 0.59765625 0.0703125 0.0703125
3 0.1421875 0.50703125 0.0375 0.0296875
3 0.22578125 0.56328125 0.0359375 0.0359375
3 0.24140625 0.51015625 0.0421875 0.0421875
3 0.4703125 0.5109375 0.04375 0.04375
3 0.10546875 0.7828125 0.0703125 0.071875
3 0.4890625 0.665625 0.065625 0.06875
3 0.2828125 0.5953125 0.065625 0.0375
3 0.1390625 0.58515625 0.071875 0.0390625
3 0.096875 0.5515625 0.053125 0.03125