3 0.021875 0.6578125 0.034375 0.034375
3 0.04453125 0.440625 0.0421875 0.040625
3 0.20703125 0.4796875 0.0671875 0.065625
3 0.24140625 0.25703125 0.0609375 0.0390625
3 0.384375 0.2703125 0.0375 0.040625
3 0.30390625 0.31484375 0.0453125 0.0453125
3 0.146875 0.35546875 0.059375 0.0609375
3 0.4984375 0.4 0.021875 0.0375
3 0.421875 0.38515625 0.0625 0.0546875
3 0.42734375 0.47734375 0.0609375 0.0484375
3 0.35703125 0.75859375 0.0421875 0.0421875
3 0.4203125 0.79140625 0.0375 0.0390625
3 0.47109375 0.69375 0.0609375 0.0625
3 0.4828125 0.79296875 0.0375 0.0578125
3 0.19140625 0.69375 0.0671875 0.06875
1 0.59375 0.26328125 0.028125 0.0265625
1 0.68671875 0.42734375 0.0359375 0.0359375
1 0.66796875 0.478125 0.0453125 0.04375
3 0.3234375 0.24375 0.034375 0.034375