3 0.1953125 0.26484375 0.03125 0.0359375
3 0.29921875 0.6765625 0.0984375 0.071875
3 0.25 0.83671875 0.090625 0.0328125
3 0.06328125 0.6859375 0.0890625 0.04375
3 0.34609375 0.78359375 0.0765625 0.0609375
3 0.46171875 0.3265625 0.0359375 0.03125
3 0.484375 0.2796875 0.0375 0.01875
3 0.19765625 0.35078125 0.0359375 0.0265625
3 0.4203125 0.36328125 0.05625 0.0328125
3 0.5640625 0.4671875 0.028125 0.040625
3 0.45078125 0.459375 0.0515625 0.04375
3 0.51640625 0.57734375 0.0453125 0.0453125
3 0.27578125 0.28671875 0.0453125 0.0453125
3 0.38203125 0.5515625 0.0671875 0.06875
3 0.403125 0.62421875 0.09375 0.0453125
3 0.5671875 0.7703125 0.059375 0.053125