1 0.63046875 0.6765625 0.0546875 0.05625
1 0.65 0.61328125 0.040625 0.0390625
1 0.71171875 0.56015625 0.0453125 0.0453125
1 0.71484375 0.51015625 0.0453125 0.0484375
1 0.68515625 0.53515625 0.040625 0.040625
3 0.47578125 0.60234375 0.0609375 0.0515625
3 0.40390625 0.540625 0.0734375 0.071875
3 0.24296875 0.63984375 0.0953125 0.0640625
3 0.23671875 0.50234375 0.059375 0.059375
3 0.03828125 0.4546875 0.0609375 0.059375
3 0.0375 0.39765625 0.05 0.0484375
3 0.2359375 0.39296875 0.040625 0.0390625
3 0.2171875 0.34375 0.04375 0.04375
3 0.2015625 0.315625 0.03125 0.021875
3 0.3640625 0.3375 0.040625 0.040625
3 0.47109375 0.29453125 0.0359375 0.0359375
3 0.1453125 0.3796875 0.0375 0.0375