6 0.521875 0.759375 0.121875 0.03125
6 0.90625 0.7859375 0.1125 0.059375
6 0.18828125 0.8234375 0.1203125 0.059375
6 0.12734375 0.61328125 0.0921875 0.0890625
6 0.19921875 0.48203125 0.0390625 0.0515625
6 0.534375 0.50625 0.075 0.03125
6 0.9640625 0.6125 0.0625 0.0375
6 0.57890625 0.43828125 0.1015625 0.0359375
6 0.49140625 0.37890625 0.0609375 0.0265625
6 0.3328125 0.37578125 0.05 0.0109375
6 0.23046875 0.4078125 0.0296875 0.04375
6 0.9796875 0.41796875 0.040625 0.0265625
6 0.8390625 0.3625 0.040625 0.03125
6 0.9609375 0.37578125 0.0625 0.0234375
6 0.721875 0.32421875 0.059375 0.0265625
6 0.80390625 0.296875 0.0671875 0.025
6 0.29375 0.28359375 0.01875 0.0203125
6 0.31796875 0.2296875 0.0171875 0.00625