6 0.32421875 0.6125 0.0640625 0.065625
6 0.371875 0.7453125 0.1375 0.046875
6 0.77578125 0.75703125 0.125 0.0453125
6 0.8796875 0.5921875 0.096875 0.096875
6 0.43671875 0.46953125 0.065625 0.065625
6 0.73203125 0.50078125 0.0671875 0.0671875
6 0.4640625 0.4125 0.08125 0.084375
6 0.490625 0.36171875 0.065625 0.0671875
6 0.67109375 0.3875 0.09375 0.0375
6 0.75234375 0.33984375 0.0546875 0.0546875
6 0.85859375 0.34765625 0.0796875 0.0265625
6 0.70703125 0.27265625 0.05 0.05
6 0.58359375 0.2453125 0.0546875 0.053125