6 0.51171875 0.42890625 0.0625 0.0625
6 0.3609375 0.4625 0.046875 0.046875
6 0.43671875 0.74140625 0.15 0.0515625
6 0.3234375 0.85546875 0.075 0.0765625
6 0.2203125 0.5703125 0.065625 0.071875
6 0.153125 0.6546875 0.0375 0.034375
6 0.23828125 0.484375 0.0421875 0.04375
6 0.328125 0.27890625 0.021875 0.0234375
6 0.33828125 0.22890625 0.0234375 0.0234375
6 0.871875 0.346875 0.1 0.1
6 0.93828125 0.60390625 0.0921875 0.0921875
6 0.8296875 0.76875 0.08125 0.08125
6 0.64921875 0.4984375 0.0765625 0.075
6 0.6046875 0.38984375 0.096875 0.028125
6 0.4234375 0.375 0.059375 0.059375
6 0.76328125 0.2875 0.0546875 0.05625