6 0.27734375 0.32578125 0.0984375 0.0359375
6 0.425 0.3203125 0.078125 0.021875
6 0.52734375 0.29453125 0.0359375 0.0265625
6 0.64609375 0.23984375 0.1671875 0.0203125
6 0.80390625 0.3546875 0.2171875 0.040625
6 0.65078125 0.3875 0.0828125 0.028125
6 0.846875 0.409375 0.0875 0.028125
6 0.69375 0.4453125 0.109375 0.0375
6 0.19921875 0.4703125 0.0671875 0.021875
6 0.27578125 0.59375 0.1484375 0.05625
6 0.23359375 0.67265625 0.1046875 0.0640625
6 0.475 0.59765625 0.096875 0.0359375
6 0.65546875 0.63046875 0.1046875 0.0453125
6 0.58671875 0.51875 0.1046875 0.04375
6 0.9265625 0.54921875 0.075 0.0453125
6 0.43359375 0.7984375 0.1078125 0.04375