6 0.51171875 0.42890625 0.0828125 0.0328125
6 0.3609375 0.4625 0.05 0.034375
6 0.43671875 0.74140625 0.1484375 0.0359375
6 0.3234375 0.85546875 0.096875 0.0484375
6 0.2203125 0.5703125 0.059375 0.065625
6 0.153125 0.6546875 0.04375 0.028125
6 0.23828125 0.484375 0.0390625 0.046875
6 0.328125 0.27890625 0.025 0.0171875
6 0.33828125 0.22890625 0.0203125 0.0234375
6 0.871875 0.346875 0.121875 0.065625
6 0.93828125 0.60390625 0.1109375 0.0640625
6 0.8296875 0.76875 0.121875 0.040625
6 0.64921875 0.4984375 0.0953125 0.04375
6 0.6046875 0.38984375 0.096875 0.0234375
6 0.4234375 0.375 0.08125 0.025
6 0.76328125 0.2875 0.0765625 0.028125