6 0.14921875 0.61796875 0.0953125 0.0953125
6 0.24140625 0.4484375 0.0984375 0.065625
6 0.22265625 0.82734375 0.1046875 0.0578125
6 0.4984375 0.75078125 0.128125 0.0484375
6 0.88359375 0.790625 0.1015625 0.05
6 0.965625 0.6140625 0.06875 0.05625
6 0.5625 0.5015625 0.109375 0.034375
6 0.575 0.43515625 0.128125 0.0484375
6 0.52890625 0.38203125 0.0703125 0.0265625
6 0.3484375 0.37109375 0.05 0.0265625
6 0.75625 0.3296875 0.065625 0.01875
6 0.88671875 0.3625 0.1796875 0.0375
6 0.93125 0.41953125 0.121875 0.0359375
6 0.7 0.22421875 0.05 0.0328125
6 0.6953125 0.2546875 0.065625 0.021875
6 0.78359375 0.29375 0.0546875 0.01875