6 0.27734375 0.32578125 0.071875 0.071875
6 0.425 0.3203125 0.05 0.05
6 0.52734375 0.29453125 0.0328125 0.0328125
6 0.64609375 0.23984375 0.0953125 0.0953125
6 0.80390625 0.3546875 0.21875 0.065625
6 0.65078125 0.3875 0.0828125 0.03125
6 0.846875 0.409375 0.0875 0.03125
6 0.69375 0.4453125 0.075 0.075
6 0.19921875 0.4703125 0.0484375 0.05
6 0.27578125 0.59375 0.1515625 0.06875
6 0.23359375 0.67265625 0.1109375 0.075
6 0.475 0.59765625 0.06875 0.0671875
6 0.65546875 0.63046875 0.0796875 0.0796875
6 0.58671875 0.51875 0.1078125 0.05
6 0.9265625 0.54921875 0.0625 0.0640625
6 0.43359375 0.7984375 0.1078125 0.046875