3 0.7234375 0.32890625 0.0875 0.0453125
3 0.18203125 0.821875 0.0671875 0.0625
3 0.84375 0.36171875 0.053125 0.0453125
3 0.50234375 0.3859375 0.0609375 0.0375
3 0.19375 0.47265625 0.0375 0.0421875
3 0.2328125 0.4046875 0.040625 0.05625
3 0.55859375 0.43671875 0.0859375 0.0484375
3 0.5296875 0.5171875 0.059375 0.05625
3 0.9125 0.790625 0.084375 0.040625
3 0.525 0.7484375 0.11875 0.04375
3 0.134375 0.584375 0.0625 0.05625
3 0.1125 0.646875 0.040625 0.05
3 0.3015625 0.27265625 0.03125 0.0359375
3 0.31953125 0.234375 0.0171875 0.03125
3 0.790625 0.2921875 0.0625 0.040625
3 0.93046875 0.27421875 0.0359375 0.0484375
3 0.96640625 0.61640625 0.0515625 0.0484375
3 0.509375 0.21640625 0.053125 0.0453125
3 0.97109375 0.42734375 0.0515625 0.0359375