3 0.30546875 0.29921875 0.0671875 0.0484375
3 0.78515625 0.5 0.0796875 0.078125
3 0.84609375 0.7046875 0.1140625 0.075
3 0.15234375 0.48671875 0.090625 0.0484375
3 0.5453125 0.30390625 0.065625 0.0453125
3 0.478125 0.23515625 0.059375 0.0578125
3 0.5296875 0.5875 0.096875 0.096875
3 0.46484375 0.7046875 0.0953125 0.096875
3 0.31953125 0.678125 0.0828125 0.084375
3 0.34375 0.36796875 0.059375 0.0609375
3 0.1703125 0.40234375 0.065625 0.05
3 0.5609375 0.35390625 0.065625 0.0453125
3 0.76953125 0.38984375 0.0578125 0.0578125
3 0.56640625 0.44296875 0.0734375 0.0734375