6 0.4796875 0.70390625 0.140625 0.0484375
6 0.31484375 0.684375 0.1203125 0.0625
6 0.5390625 0.60234375 0.1375 0.0609375
6 0.846875 0.70390625 0.090625 0.0609375
6 0.78515625 0.5015625 0.0859375 0.046875
6 0.15 0.4890625 0.090625 0.0375
6 0.17265625 0.415625 0.0859375 0.0375
6 0.33046875 0.37109375 0.0984375 0.0296875
6 0.571875 0.44375 0.103125 0.03125
6 0.58046875 0.3515625 0.1109375 0.0375
6 0.546875 0.30859375 0.075 0.0265625
6 0.2984375 0.29375 0.08125 0.01875
6 0.26875 0.22890625 0.03125 0.0265625
6 0.34765625 0.225 0.0515625 0.025
6 0.46484375 0.23984375 0.0828125 0.0328125