6 0.4796875 0.70390625 0.140625 0.0546875
6 0.31484375 0.684375 0.0984375 0.1
6 0.5390625 0.60234375 0.140625 0.0671875
6 0.846875 0.70390625 0.08125 0.0828125
6 0.78515625 0.5015625 0.0875 0.05
6 0.15 0.4890625 0.06875 0.071875
6 0.17265625 0.415625 0.0859375 0.0375
6 0.33046875 0.37109375 0.0984375 0.034375
6 0.571875 0.44375 0.10625 0.040625
6 0.58046875 0.3515625 0.1125 0.046875
6 0.546875 0.30859375 0.05 0.0515625
6 0.2984375 0.29375 0.08125 0.028125
6 0.26875 0.22890625 0.028125 0.0296875
6 0.34765625 0.225 0.053125 0.03125
6 0.46484375 0.23984375 0.0640625 0.0640625