3 0.11328125 0.34453125 0.0640625 0.0453125
3 0.28828125 0.63203125 0.1140625 0.0453125
3 0.47109375 0.6578125 0.1109375 0.065625
3 0.19375 0.734375 0.1 0.06875
3 0.1578125 0.84921875 0.15625 0.0484375
3 0.04453125 0.61484375 0.0890625 0.0484375
3 0.17109375 0.52734375 0.1109375 0.0703125
3 0.59609375 0.57421875 0.1078125 0.0484375
3 0.93125 0.5890625 0.0875 0.053125
3 0.5328125 0.47109375 0.0875 0.0453125
3 0.84140625 0.42890625 0.0640625 0.0484375
3 0.6578125 0.42421875 0.065625 0.0453125
3 0.7453125 0.36171875 0.065625 0.0453125
3 0.625 0.36328125 0.065625 0.0453125
3 0.2953125 0.34453125 0.0625 0.0453125
3 0.5375 0.31875 0.065625 0.0375
3 0.5765625 0.25390625 0.065625 0.0484375