6 0.14921875 0.61796875 0.0984375 0.0984375
6 0.24140625 0.4484375 0.0890625 0.090625
6 0.22265625 0.82734375 0.084375 0.084375
6 0.4984375 0.75078125 0.096875 0.0953125
6 0.88359375 0.790625 0.0765625 0.075
6 0.965625 0.6140625 0.065625 0.065625
6 0.5625 0.5015625 0.1125 0.04375
6 0.575 0.43515625 0.09375 0.0953125
6 0.52890625 0.38203125 0.0703125 0.0265625
6 0.3484375 0.37109375 0.053125 0.0296875
6 0.75625 0.3296875 0.04375 0.04375
6 0.88671875 0.3625 0.1171875 0.11875
6 0.93125 0.41953125 0.084375 0.0828125
6 0.7 0.22421875 0.053125 0.0359375
6 0.6953125 0.2546875 0.065625 0.028125
6 0.78359375 0.29375 0.0390625 0.040625