6 0.32421875 0.6125 0.0734375 0.04375
6 0.371875 0.7453125 0.1375 0.040625
6 0.77578125 0.75703125 0.1234375 0.0390625
6 0.8796875 0.5921875 0.14375 0.053125
6 0.43671875 0.46953125 0.0734375 0.0484375
6 0.73203125 0.50078125 0.0953125 0.0328125
6 0.4640625 0.4125 0.121875 0.0375
6 0.490625 0.36171875 0.090625 0.0359375
6 0.67109375 0.3875 0.0921875 0.028125
6 0.75234375 0.33984375 0.0796875 0.0296875
6 0.85859375 0.34765625 0.0796875 0.0265625
6 0.70703125 0.27265625 0.0734375 0.0203125
6 0.58359375 0.2453125 0.0734375 0.028125