6 0.49375 0.6640625 0.115625 0.053125
6 0.6515625 0.6578125 0.078125 0.078125
6 0.55703125 0.55703125 0.078125 0.078125
6 0.2984375 0.5359375 0.071875 0.071875
6 0.11953125 0.45625 0.0578125 0.05625
6 0.328125 0.47265625 0.109375 0.046875
6 0.371875 0.40390625 0.065625 0.0484375
6 0.5609375 0.434375 0.084375 0.0375
6 0.4546875 0.36328125 0.0625 0.0640625
6 0.1921875 0.340625 0.084375 0.0375
6 0.3875 0.32109375 0.046875 0.0484375
6 0.625 0.33203125 0.05625 0.0265625
6 0.371875 0.22421875 0.021875 0.0203125
6 0.42421875 0.28203125 0.040625 0.040625
6 0.60703125 0.8578125 0.0859375 0.0875