3 0.3765625 0.31953125 0.065625 0.0453125
3 0.584375 0.26640625 0.065625 0.0453125
3 0.0265625 0.8265625 0.053125 0.08125
3 0.603125 0.85078125 0.121875 0.0484375
3 0.196875 0.34453125 0.065625 0.0453125
3 0.42421875 0.28203125 0.0578125 0.0359375
3 0.62109375 0.33046875 0.0640625 0.0453125
3 0.29609375 0.53828125 0.0984375 0.0453125
3 0.49453125 0.65625 0.1109375 0.053125
3 0.64609375 0.65 0.0890625 0.05
3 0.55390625 0.55 0.0921875 0.053125
3 0.328125 0.47109375 0.065625 0.0453125
3 0.1203125 0.46015625 0.0625 0.0453125
3 0.5484375 0.42421875 0.065625 0.0453125
3 0.375 0.40234375 0.065625 0.0484375
3 0.4671875 0.36171875 0.065625 0.0453125