3 0.7078125 0.31953125 0.071875 0.0453125
3 0.4953125 0.50703125 0.08125 0.0421875
3 0.57578125 0.44453125 0.0734375 0.0453125
3 0.4671875 0.38203125 0.06875 0.0484375
3 0.23046875 0.41640625 0.0359375 0.0453125
3 0.865625 0.36875 0.04375 0.05625
3 0.31015625 0.37734375 0.0546875 0.0359375
3 0.96953125 0.41484375 0.0609375 0.0546875
3 0.80078125 0.2921875 0.0546875 0.025
3 0.2828125 0.27890625 0.0375 0.0484375
3 0.653125 0.19296875 0.0625 0.0359375
3 0.575 0.271875 0.071875 0.01875
3 0.12421875 0.59609375 0.0671875 0.0453125
3 0.54921875 0.76171875 0.1515625 0.0484375
3 0.9328125 0.796875 0.1 0.053125