1 0.52578125 0.73203125 0.0328125 0.0328125
1 0.4859375 0.06171875 0.03125 0.0328125
1 0.490625 0.01953125 0.025 0.0375
1 0.59609375 0.1953125 0.0328125 0.034375
1 0.590625 0.16953125 0.034375 0.0390625
1 0.74921875 0.60859375 0.0328125 0.0328125
1 0.89375 0.9609375 0.034375 0.04375
1 0.9015625 0.978125 0.0375 0.0375
1 0.90234375 0.75234375 0.03125 0.03125
1 0.69296875 0.44453125 0.0328125 0.0421875
1 0.67578125 0.4328125 0.0296875 0.03125
1 0.8328125 0.396875 0.040625 0.0375
1 0.95 0.5171875 0.03125 0.03125
1 0.84765625 0.64453125 0.0234375 0.0296875
1 0.85703125 0.6734375 0.0234375 0.025
1 0.86796875 0.696875 0.0265625 0.03125
1 0.8796875 0.71796875 0.0375 0.0390625
1 0.6578125 0.16875 0.034375 0.03125
1 0.67109375 0.1828125 0.0328125 0.0375
1 0.5625 0.1359375 0.01875 0.0375
1 0.89453125 0.72578125 0.0265625 0.0296875