1 0.23671875 0.121875 0.0203125 0.0375
1 0.19140625 0.15703125 0.0390625 0.0484375
1 0.2171875 0.15234375 0.0375 0.0421875
1 0.1859375 0.09375 0.025 0.040625
1 0.16015625 0.1078125 0.0203125 0.0375
1 0.04296875 0.0515625 0.0484375 0.021875
1 0.03984375 0.0328125 0.0421875 0.01875
1 0.05 0.0125 0.034375 0.025
1 0.2484375 0.04140625 0.053125 0.0234375
1 0.06640625 0.18359375 0.0203125 0.0515625
1 0.1765625 0.2328125 0.015625 0.059375
1 0.16484375 0.275 0.0171875 0.065625
1 0.21171875 0.278125 0.0203125 0.071875
1 0.24375 0.27890625 0.021875 0.0703125
1 0.08984375 0.30234375 0.0234375 0.0421875
1 0.0671875 0.3046875 0.021875 0.034375
1 0.375 0.084375 0.021875 0.040625
1 0.45 0.15859375 0.021875 0.0515625
1 0.475 0.14375 0.028125 0.046875
1 0.378125 0.17734375 0.025 0.0515625
1 0.33671875 0.18515625 0.0234375 0.0546875
1 0.34765625 0.24375 0.0234375 0.053125
1 0.3203125 0.2578125 0.021875 0.0625
1 0.296875 0.24765625 0.01875 0.0453125
1 0.27421875 0.26171875 0.0203125 0.0546875
1 0.153125 0.3703125 0.034375 0.046875
1 0.334375 0.39375 0.01875 0.065625
1 0.36484375 0.37265625 0.0203125 0.0390625
1 0.46171875 0.40234375 0.0171875 0.0546875
1 0.47109375 0.30078125 0.0296875 0.0546875
1 0.60078125 0.11484375 0.0234375 0.0515625
1 0.5703125 0.10234375 0.015625 0.0546875
1 0.765625 0.06328125 0.034375 0.0515625
1 0.79765625 0.17265625 0.0234375 0.0390625
1 0.81953125 0.165625 0.0296875 0.040625
1 0.73828125 0.2359375 0.0203125 0.05
1 0.6765625 0.27421875 0.025 0.0578125
1 0.65234375 0.24453125 0.0203125 0.0390625
1 0.64375 0.2765625 0.034375 0.040625
1 0.56640625 0.27421875 0.0265625 0.0703125
1 0.54296875 0.2953125 0.0234375 0.06875
1 0.56328125 0.21875 0.0265625 0.04375
1 0.62265625 0.37734375 0.0265625 0.0546875
1 0.440625 0.5296875 0.021875 0.05
1 0.23203125 0.540625 0.0515625 0.028125
1 0.23125 0.51875 0.0625 0.028125
1 0.12265625 0.53046875 0.0171875 0.0640625
1 0.0984375 0.52421875 0.015625 0.0609375
1 0.16875 0.6 0.021875 0.05
1 0.14296875 0.609375 0.0203125 0.046875
1 0.3078125 0.6171875 0.046875 0.03125
1 0.31796875 0.590625 0.0453125 0.034375
1 0.353125 0.55625 0.028125 0.04375
1 0.52890625 0.540625 0.0234375 0.05
1 0.50546875 0.60703125 0.0296875 0.0484375
1 0.62734375 0.578125 0.0203125 0.053125
1 0.653125 0.57265625 0.021875 0.0484375
1 0.7578125 0.52265625 0.01875 0.0578125
1 0.734375 0.51171875 0.021875 0.0421875
1 0.734375 0.44453125 0.01875 0.0546875
1 0.8140625 0.56953125 0.05 0.0296875
1 0.7796875 0.403125 0.025 0.0625
1 0.79765625 0.40078125 0.0234375 0.0578125
1 0.8921875 0.30546875 0.0125 0.0515625
1 0.84296875 0.32578125 0.0265625 0.0296875
1 0.8765625 0.4984375 0.021875 0.065625
1 0.91875 0.48828125 0.021875 0.0359375
1 0.97578125 0.43359375 0.0234375 0.0546875
1 0.96953125 0.553125 0.0203125 0.05
1 0.9890625 0.60546875 0.01875 0.0578125
1 0.890625 0.69453125 0.028125 0.0421875
1 0.86875 0.29140625 0.0125 0.0546875
1 0.87890625 0.2765625 0.0140625 0.05
1 0.903125 0.1875 0.025 0.053125
1 0.92734375 0.18984375 0.0234375 0.0453125
1 0.95234375 0.196875 0.0171875 0.046875
1 0.9265625 0.08515625 0.015625 0.0546875
1 0.94765625 0.084375 0.0203125 0.05
1 0.82421875 0.4078125 0.0203125 0.04375
1 0.78046875 0.80703125 0.0234375 0.0421875
1 0.80625 0.81015625 0.025 0.0578125
1 0.89296875 0.96171875 0.0203125 0.0703125
1 0.76953125 0.93671875 0.0296875 0.0703125
1 0.7453125 0.934375 0.028125 0.053125
1 0.67265625 0.7140625 0.0234375 0.046875
1 0.646875 0.7078125 0.025 0.059375
1 0.6109375 0.9 0.0125 0.053125
1 0.46875 0.90546875 0.025 0.0640625
1 0.58671875 0.98515625 0.0171875 0.0296875
1 0.6578125 0.92578125 0.0125 0.0484375
1 0.65625 0.89453125 0.028125 0.0328125
1 0.703125 0.83515625 0.021875 0.0578125
1 0.66875 0.8234375 0.021875 0.053125
1 0.49375 0.71484375 0.025 0.0609375
1 0.390625 0.803125 0.053125 0.025
1 0.3828125 0.75234375 0.021875 0.0609375
1 0.33203125 0.7140625 0.0421875 0.025
1 0.2390625 0.73046875 0.015625 0.0609375
1 0.2703125 0.73359375 0.021875 0.0453125
1 0.309375 0.8984375 0.025 0.0625
1 0.22890625 0.896875 0.0265625 0.059375
1 0.88671875 0.74375 0.0203125 0.03125
1 0.8828125 0.7203125 0.04375 0.034375