1 0.11484375 0.14765625 0.0671875 0.0671875
1 0.2609375 0.2359375 0.053125 0.053125
1 0.26484375 0.28359375 0.0609375 0.0609375
1 0.31875 0.10078125 0.0375 0.1015625
1 0.34375 0.1078125 0.0625 0.0625
1 0.040625 0.45546875 0.0375 0.1140625
1 0.10546875 0.54296875 0.0484375 0.0484375
1 0.23515625 0.6140625 0.0671875 0.06875
1 0.40859375 0.3984375 0.0546875 0.05625
1 0.5046875 0.3375 0.04375 0.1
1 0.53515625 0.17734375 0.0640625 0.0640625
1 0.47109375 0.08828125 0.028125 0.05
1 0.62890625 0.0546875 0.0640625 0.065625
1 0.67578125 0.06171875 0.0640625 0.0640625
1 0.7546875 0.15546875 0.0625 0.0609375
1 0.8484375 0.15625 0.06875 0.06875
1 0.875 0.15390625 0.03125 0.0734375
1 0.89453125 0.14375 0.0671875 0.065625
1 0.9265625 0.334375 0.046875 0.046875
1 0.915625 0.28515625 0.05 0.0515625
1 0.90859375 0.59140625 0.0515625 0.0515625
1 0.93203125 0.6 0.0328125 0.08125
1 0.9359375 0.8640625 0.046875 0.0875
1 0.83125 0.89296875 0.071875 0.0703125
1 0.7734375 0.74921875 0.034375 0.0328125
1 0.5640625 0.70703125 0.05 0.0515625
1 0.35546875 0.740625 0.0328125 0.0875
1 0.409375 0.57578125 0.040625 0.0390625
1 0.39453125 0.62421875 0.0296875 0.046875
1 0.22109375 0.771875 0.0609375 0.059375
1 0.04765625 0.80390625 0.065625 0.065625
1 0.0296875 0.8140625 0.059375 0.065625
1 0.1390625 0.9015625 0.078125 0.078125
1 0.16953125 0.92265625 0.0703125 0.0703125
1 0.29765625 0.90859375 0.0515625 0.0515625
1 0.40390625 0.87109375 0.0640625 0.0453125
1 0.54609375 0.9265625 0.0390625 0.065625
1 0.65625 0.76640625 0.059375 0.0609375
1 0.72109375 0.50078125 0.0515625 0.0515625
1 0.81328125 0.4421875 0.0546875 0.053125
1 0.70078125 0.3078125 0.0671875 0.06875
1 0.59375 0.40859375 0.075 0.0765625
1 0.59375 0.4546875 0.06875 0.06875